1
3
7
13
19
25
31
39
43
49
55
61
69
73
81
85
91
99
103
109
115
123
129
133
139
147
151
159
165
169
175
181
187
193
199
207
213
225
229
235
241
253
259
265
271
279
283
291
295
309
313
319
333
337
349
355
361
369
375
381
385
391
397
403
409
417
421
433
441
445
451
459
463
469
481
487
493
501
505
511
519
523
531
537
543
549
559
565
571
579
585
589
595
601
609
615
619
631
637
643
649
655
661
669
675
679
685
693
699
703
711
721
729
735
739
745
753
759
763
771
775
783
787
799
811
817
823
829
837
841
853
859
865
871
879
883
889
897
903
909
913
921
931
939
943
949
955
969
973
979
985
993
999
1005
1011
1015
1021
1033
1041
1051
1057
1063
1069
1075
1083
1089
1093
1099
1105
1111
1117
1125
1131
1137
1141
1153
1165
1173
1179
1183
1189
1195
1203
1209
1215
1219
1225
1231
1239
1245
1251
1257
1261
1279
1285
1291
1299
1303
1309
1317
1321
1329
1333
1345
1359
1363
1369
1375
1383
1387
1399
1407
1411
1425
1429
1435
1441
1449
1453
1461
1467
1473
1483
1489
1495
1501
1509
1513
1519
1525
1533
1537
1543
1551
1555
1561
1569
1573
1581
1585
1599
1603
1609
1615
1621
1629
1635
1639
1651
1657
1665
1669
1683
1695
1699
1711
1719
1723
1729
1735
1741
1749
1755
1761
1767
1779
1785
1789
1795
1803
1813
1819
1825
1833
1837
1849
1863
1867
1873
1879
1891
1897
1903
1909
1915
1923
1929
1933
1945
1951
1963
1971
1975
1981
1989
1995
1999
2005
2013
2019
2029
2041
2049
2055
2061
2065
2071
2083
2089
2097
2101
2113
2131
2139
2143
2155
2161
2169
2175
2181
2185
2197
2205
2209
2215
2223
2229
2233
2239
2245
2253
2269
2275
2283
2287
2293
2299
2307
2311
2323
2331
2335
2341
2349
2353
2359
2373
2379
2383
2391
2395
2401
2409
2413
2419
2425
2439
2443
2449
2455
2461
2469
2475
2479
2493
2497
2505
2517
2523
2533
2541
2545
2551
2559
2565
2581
2593
2601
2607
2611
2619
2623
2629
2635
2649
2659
2665
2671
2679
2685
2689
2695
2701
2707
2713
2721
2731
2737
2743
2749
2755
2763
2769
2773
2779
2787
2791
2799
2803
2811
2815
2821
2829
2835
2839
2845
2853
2859
2863
2881
2887
2895
2899
2905
2911
2919
2923
2929
2937
2941
2955
2959
2965
2971
2997
3001
3013
3021
3025
3037
3043
3049
3063
3067
3073
3081
3085
3091
3105
3111
3121
3129
3139
3151
3165
3169
3183
3189
3193
3205
3211
3219
3223
3231
3237
3241
3249
3253
3259
3267
3273
3279
3295
3301
3309
3315
3321
3325
3331
3339
3345
3349
3361
3367
3373
3379
3387
3391
3405
3409
3415
3423
3429
3435
3451
3457
3463
3469
3483
3489
3493
3501
3507
3513
3519
3529
3535
3541
3547
3553
3559
3573
3583
3589
3595
3609
3613
3619
3625
3633
3637
3643
3651
3661
3667
3673
3679
3685
3693
3699
3703
3711
3715
3721
3729
3735
3739
3751
3757
3763
3769
3781
3787
3793
3799
3805
3819
3823
3835
3843
3847
3853
3861
3865
3879
3883
3891
3903
3909
3913
3919
3925
3931
3945
3949
3955
3961
3969
3975
3979
3987
3991
4003
4009
4015
4021
4029
4039
4047
4051
4059
4065
4075
4081
4093
4101
4105
4113
4119
4129
4135
4141
4155
4159
4171
4179
4183
4189
4197
4203
4213
4219
4231
4243
4255
4261
4269
4273
4281
4285
4291
4299
4317
4323
4329
4339
4351
4359
4365
4371
4375
4387
4393
4399
4407
4411
4423
4437
4443
4449
4453
4459
4465
4473
4479
4483
4491
4495
4509
4515
4519
4525
4533
4537
4549
4555
4561
4569
4575
4585
4593
4597
4605
4611
4623
4635
4639
4645
4651
4659
4663
4675
4681
4687
4693
4701
4705
4711
4719
4723
4729
4735
4743
4749
4753
4759
4767
4779
4785
4789
4795
4801
4815
4819
4831
4837
4845
4849
4855
4863
4873
4879
4887
4891
4899
4905
4911
4915
4921
4933
4939
4945
4953
4957
4969
4975
4983
4987
4995
5001
5005
5011
5019
5023
5029
5041
5047
5053
5061
5067
5071
5079
5083
5089
5097
5101
5109
5115
5121
5131
5139
5143
5149
5155
5169
5173
5181
5191
5197
5209
5221
5229
5233
5239
5247
5253
5263
5271
5275
5281
5289
5295
5299
5305
5311
5325
5335
5349
5353
5361
5367
5373
5383
5389
5395
5401
5409
5415
5419
5433
5437
5443
5451
5457
5473
5479
5485
5491
5499
5503
5509
5515
5521
5529
5533
5541
5547
5559
5563
5571
5575
5583
5593
5601
5611
5617
5625
5629
5641
5647
5653
5659
5671
5685
5689
5695
5703
5713
5719
5725
5733
5739
5743
5751
5757
5775
5781
5785
5793
5803
5809
5815
5823
5829
5841
5845
5851
5857
5863
5869
5881
5895
5899
5905
5913
5925
5929
5937
5941
5953
5961
5965
5971
5983
5989
6003
6007
6013
6019
6031
6039
6045
6049
6055
6067
6075
6081
6087
6091
6103
6111
6115
6121
6129
6133
6145
6153
6159
6165
6175
6181
6187
6195
6199
6205
6213
6219
6223
6231
6241
6247
6259
6265
6271
6279
6289
6297
6301
6313
6319
6325
6331
6339
6343
6349
6355
6361
6369
6373
6381
6387
6391
6399
6403
6415
6423
6429
6439
6445
6451
6459
6465
6469
6475
6483
6487
6493
6501
6507
6513
6523
6531
6537
6549
6553
6559
6565
6571
6579
6583
6591
6597
6601
6609
6615
6621
6625
6637
6655
6661
6669
6675
6679
6685
6691
6703
6711
6721
6733
6739
6745
6759
6763
6769
6781
6789
6793
6805
6819
6825
6829
6835
6843
6849
6859
6865
6871
6885
6889
6901
6907
6913
6919
6933
6945
6949
6961
6969
6973
6979
6985
6993
6999
7003
7015
7021
7029
7033
7041
7045
7053
7059
7063
7069
7081
7095
7105
7111
7117
7123
7129
7137
7153
7161
7167
7171
7179
7185
7189
7195
7209
7213
7221
7231
7237
7245
7249
7255
7263
7281
7285
7291
7297
7309
7323
7329
7333
7341
7351
7357
7371
7381
7389
7395
7405
7413
7419
7435
7449
7453
7459
7465
7479
7483
7489
7495
7501
7509
7515
7519
7525
7531
7539
7543
7549
7557
7561
7573
7579
7585
7591
7599
7603
7609
7615
7623
7629
7635
7641
7645
7651
7657
7663
7671
7675
7683
7689
7693
7701
7705
7713
7719
7725
7729
7743
7747
7755
7759
7767
7771
7791
7795
7801
7809
7819
7825
7831
7837
7843
7851
7855
7869
7875
7879
7885
7897
7903
7909
7917
7921
7929
7935
7939
7951
7965
7981
7987
7995
7999
8007
8011
8019
8025
8035
8041
8053
8061
8065
8071
8079
8083
8089
8095
8103
8109
8113
8119
8125
8133
8137
8145
8149
8163
8169
8173
8181
8187
8193
8211
8221
8233
8239
8245
8253
8259
8263
8271
8275
8289
8293
8299
8313
8317
8323
8329
8337
8349
8355
8365
8371
8379
8385
8389
8401
8407
8415
8421
8425
8431
8443
8449
8455
8461
8467
8485
8499
8503
8511
8515
8523
8529
8539
8545
8553
8565
8575
8581
8593
8599
8607
8611
8623
8629
8635
8641
8649
8653
8665
8671
8679
8683
8691
8695
8701
8709
8715
8719
8733
8737
8743
8749
8755
8763
8767
8779
8785
8793
8797
8805
8809
8821
8833
8839
8845
8851
8859
8863
8869
8883
8887
8895
8901
8905
8917
8925
8929
8935
8943
8949
8953
8965
8971
8979
8991
9001
9007
9013
9019
9031
9043
9051
9057
9061
9069
9093
9099
9105
9111
9117
9129
9135
9139
9145
9153
9157
9163
9171
9175
9181
9189
9195
9199
9205
9211
9223
9229
9237
9241
9259
9265
9279
9283
9289
9295
9301
9307
9313
9321
9325
9339
9343
9351
9357
9373
9379
9387
9393
9399
9405
9411
9415
9421
9429
9433
9439
9447
9463
9469
9475
9481
9489
9493
9499
9507
9511
9523
9535
9541
9549
9553
9561
9567
9573
9589
9601
9615
9619
9625
9631
9639
9645
9649
9657
9663
9675
9679
9691
9699
9717
9721
9729
9733
9741
9745
9751
9759
9769
9783
9789
9793
9799
9805
9811
9819
9831
9835
9841
9853
9859
9867
9873
9885
9889
9897
9903
9909
9915
9919
9925
9931
9937
9943
9951
9955
9967
9975
9979
9985
10009
10017
10023
10035
10039
10057
10063
10069
10081
10087
10093
10099
10105
10111
10125
10135
10141
10153
10161
10165
10171
10179
10183
10191
10195
10203
10209
10213
10221
10225
10239
10245
10249
10255
10261
10267
10273
10291
10303
10309
10315
10321
10329
10333
10339
10345
10351
10359
10371
10381
10393
10399
10407
10413
10419
10423
10429
10435
10443
10455
10459
10465
10479
10483
10489
10497
10501
10513
10521
10531
10539
10543
10557
10561
10569
10581
10591
10599
10603
10609
10615
10629
10633
10639
10645
10653
10659
10665
10669
10683
10687
10693
10707
10711
10725
10731
10735
10741
10749
10755
10767
10773
10783
10791
10801
10809
10815
10819
10825
10833
10839
10843
10849
10855
10861
10869
10875
10885
10891
10897
10903
10911
10923
10939
10951
10959
10963
10969
10975
10981
10989
10993
11001
11005
11017
11029
11037
11049
11059
11067
11071
11085
11089
11095
11101
11107
11115
11119
11133
11145
11149
11161
11173
11179
11185
11191
11199
11205
11211
11215
11235
11241
11245
11253
11257
11263
11271
11275
11281
11289
11295
11301
11305
11313
11319
11323
11331
11337
11343
11353
11359
11367
11371
11385
11395
11401
11407
11413
11425
11431
11439
11443
11449
11457
11469
11473
11479
11485
11491
11499
11505
11509
11521
11529
11541
11547
11551
11571
11575
11581
11589
11593
11599
11613
11619
11623
11631
11635
11659
11667
11673
11679
11683
11691
11697
11701
11709
11719
11731
11737
11745
11749
11757
11773
11779
11785
11791
11799
11803
11809
11815
11821
11829
11833
11841
11851
11857
11865
11869
11887
11899
11905
11911
11919
11925
11929
11935
11941
11947
11955
11959
11967
11971
11983
11989
11995
12003
12009
12013
12033
12037
12043
12051
12055
12069
12073
12081
12087
12093
12099
12103
12109
12115
12121
12135
12145
12151
12159
12163
12169
12187
12195
12199
12205
12213
12225
12229
12237
12241
12249
12253
12265
12271
12279
12283
12291
12297
12303
12321
12325
12331
12337
12345
12349
12355
12361
12367
12375
12379
12387
12393
12403
12411
12415
12421
12435
12439
12445
12451
12459
12463
12475
12481
12489
12493
12499
12505
12513
12517
12529
12541
12549
12555
12571
12579
12583
12589
12603
12607
12613
12621
12633
12639
12643
12649
12655
12661
12669
12673
12691
12697
12705
12709
12715
12723
12733
12741
12745
12753
12759
12765
12769
12783
12787
12793
12799
12811
12823
12829
12841
12849
12855
12871
12879
12883
12891
12895
12901
12909
12913
12919
12925
12939
12943
12949
12955
12961
12969
12975
12981
12985
12993
12999
13003
13009
13021
13033
13039
13045
13051
13059
13063
13075
13087
13095
13101
13105
13111
13123
13129
13143
13149
13153
13159
13165
13173
13179
13185
13189
13195
13201
13209
13213
13219
13231
13237
13243
13251
13255
13261
13269
13273
13285
13291
13299
13305
13311
13315
13329
13333
13339
13345
13369
13383
13387
13395
13399
13413
13417
13423
13437
13443
13453
13459
13465
13471
13479
13489
13497
13501
13515
13521
13525
13531
13539
13545
13551
13555
13563
13569
13573
13579
13591
13597
13609
13615
13621
13629
13635
13641
13647
13651
13669
13675
13681
13689
13693
13699
13707
13711
13723
13731
13737
13741
13749
13753
13759
13765
13773
13779
13783
13791
13801
13809
13831
13837
13843
13851
13861
13875
13879
13885
13893
13903
13909
13915
13923
13933
13941
13947
13959
13963
13969
13975
13987
13999
14007
14011
14019
14025
14031
14035
14049
14053
14059
14067
14073
14083
14089
14097
14101
14109
14115
14139
14143
14151
14155
14161
14167
14173
14179
14187
14193
14199
14209
14217
14223
14229
14241
14245
14251
14257
14265
14269
14283
14287
14295
14305
14313
14323
14329
14343
14349
14353
14361
14371
14379
14389
14395
14403
14409
14413
14421
14425
14431
14439
14449
14455
14463
14473
14481
14487
14491
14505
14509
14517
14521
14535
14539
14545
14551
14559
14563
14571
14587
14593
14599
14619
14623
14629
14635
14641
14655
14659
14671
14683
14697
14701
14715
14719
14725
14733
14739
14743
14749
14755
14761
14767
14773
14781
14785
14799
14805
14811
14815
14823
14829
14833
14839
14845
14853
14859
14865
14869
14881
14889
14893
14899
14911
14925
14931
14941
14949
14953
14959
14971
14979
14983
14997
15015
15019
15033
15039
15049
15055
15063
15075
15079
15085
15091
15097
15103
15109
15117
15123
15133
15139
15151
15159
15163
15175
15189
15193
15201
15207
15211
15219
15229
15235
15243
15261
15265
15271
15279
15289
15295
15301
15307
15315
15319
15331
15343
15351
15357
15361
15369
15375
15379
15385
15393
15397
15403
15415
15421
15429
15441
15445
15453
15463
15469
15475
15481
15489
15495
15499
15505
15513
15517
15529
15541
15547
15553
15559
15565
15571
15583
15597
15603
15609
15613
15621
15625
15631
15643
15649
15655
15663
15669
15673
15681
15685
15691
15699
15705
15711
15729
15733
15739
15751
15763
15769
15775
15789
15793
15799
15805
15811
15817
15825
15831
15835
15855
15859
15865
15873
15879
15883
15889
15895
15903
15907
15915
15919
15925
15931
15937
15945
15949
15957
15961
15973
15993
15999
16003
16009
16015
16035
16047
16051
16059
16063
16069
16075
16087
16093
16099
16105
16113
16119
16125
16129
16141
16147
16155
16183
16189
16195
16201
16219
16225
16231
16245
16251
16255
16269
16273
16287
16293
16303
16309
16321
16329
16335
16341
16345
16351
16357
16363
16371
16383
16393
16413
16419
16423
16429
16435
16441
16449
16453
16465
16479
16483
16489
16495
16503
16509
16521
16531
16537
16545
16549
16555
16563
16567
16575
16579
16593
16597
16605
16609
16615
16621
16633
16639
16647
16651
16659
16663
16671
16675
16693
16701
16705
16713
16717
16723
16731
16735
16743
16749
16755
16761
16765
16783
16789
16797
16801
16813
16819
16825
16831
16839
16843
16849
16857
16861
16869
16873
16881
16885
16891
16903
16911
16923
16929
16933
16939
16945
16951
16965
16971
16981
16989
16995
17001
17013
17017
17023
17029
17035
17041
17049
17053
17059
17067
17079
17085
17091
17095
17101
17109
17119
17125
17139
17151
17155
17161
17167
17181
17185
17191
17199
17205
17209
17221
17233
17239
17247
17251
17259
17275
17281
17289
17293
17301
17307
17319
17323
17329
17335
17343
17353
17361
17365
17371
17379
17385
17389
17395
17401
17413
17419
17433
17443
17451
17457
17469
17473
17479
17485
17491
17497
17505
17511
17515
17521
17529
17533
17541
17545
17553
17557
17569
17575
17581
17587
17599
17605
17611
17619
17623
17629
17637
17659
17665
17671
17679
17683
17689
17697
17709
17715
17725
17731
17739
17743
17749
17763
17779
17785
17791
17809
17815
17823
17829
17835
17839
17853
17857
17865
17871
17883
17893
17899
17905
17911
17923
17931
17935
17941
17949
17959
17967
17973
17979
17983
17989
18001
18009
18015
18025
18037
18043
18049
18061
18079
18087
18091
18099
18115
18121
18129
18133
18145
18151
18157
18165
18169
18183
18193
18201
18213
18219
18225
18231
18235
18249
18253
18259
18271
18285
18289
18295
18303
18309
18313
18331
18339
18343
18351
18355
18369
18373
18381
18387
18393
18399
18403
18409
18415
18421
18429
18435
18441
18445
18453
18457
18463
18481
18487
18495
18505
18511
18519
18523
18529
18541
18547
18555
18561
18585
18589
18595
18609
18613
18619
18625
18637
18651
18663
18667
18673
18681
18693
18703
18711
18715
18721
18733
18739
18745
18751
18759
18765
18771
18775
18781
18789
18795
18799
18805
18829
18835
18841
18849
18855
18861
18871
18883
18897
18901
18913
18919
18925
18933
18939
18949
18961
18975
18981
18987
18999
19003
19011
19015
19023
19029
19033
19039
19053
19065
19071
19075
19081
19089
19093
19101
19107
19111
19123
19131
19141
19149
19155
19159
19165
19183
19195
19209
19213
19219
19233
19239
19251
19257
19261
19269
19275
19279
19285
19291
19299
19303
19311
19317
19321
19335
19341
19351
19365
19375
19381
19387
19393
19405
19419
19423
19429
19435
19443
19447
19453
19459
19465
19471
19479
19485
19491
19503
19509
19519
19531
19537
19543
19549
19555
19561
19569
19573
19579
19585
19599
19605
19611
19615
19633
19641
19647
19659
19663
19669
19683
19689
19695
19699
19711
19717
19725
19729
19737
19741
19753
19761
19765
19771
19779
19795
19803
19809
19813
19821
19831
19837
19843
19849
19855
19863
19869
19887
19891
19899
19909
19915
19921
19929
19939
19947
19951
19963
19975
19981
19993
19999
20007
20013
20019
20023
20031
20037
20041
20049
20053
20065
20073
20079
20089
20097
20103
20109
20115
20119
20125
20131
20137
20143
20149
20163
20173
20179
20185
20203
20221
20229
20233
20241
20247
20251
20259
20263
20271
20283
20287
20299
20305
20319
20325
20329
20335
20343
20349
20355
20359
20367
20371
20391
20395
20401
20409
20413
20419
20433
20439
20443
20457
20461
20469
20473
20479
20485
20497
20509
20521
20535
20545
20551
20557
20563
20569
20583
20595
20601
20611
20619
20623
20629
20635
20641
20649
20665
20683
20691
20695
20703
20709
20719
20733
20739
20745
20749
20755
20761
20767
20773
20779
20787
20791
20805
20809
20823
20829
20833
20839
20851
20859
20863
20871
20875
20881
20887
20895
20899
20905
20913
20923
20931
20941
20949
20955
20961
20965
20979
20983
21003
21007
21013
21019
21025
21031
21045
21055
21061
21069
21081
21085
21091
21103
21109
21123
21139
21145
21151
21159
21165
21171
21181
21189
21193
21207
21211
21223
21229
21235
21241
21249
21253
21259
21267
21271
21279
21285
21297
21313
21319
21325
21333
21343
21349
21355
21363
21369
21379
21385
21393
21399
21403
21409
21417
21421
21435
21441
21447
21469
21481
21487
21493
21501
21505
21511
21519
21523
21531
21549
21553
21559
21565
21571
21579
21585
21589
21601
21613
21619
21633
21637
21645
21649
21655
21661
21669
21675
21685
21703
21711
21715
21721
21729
21739
21747
21753
21759
21769
21775
21781
21787
21799
21805
21813
21817
21823
21831
21841
21853
21859
21865
21873
21879
21883
21895
21913
21921
21925
21931
21939
21943
21951
21955
21963
21969
21973
21979
21987
21993
21999
22005
22009
22015
22021
22029
22033
22039
22047
22051
22065
22069
22075
22081
22093
22107
22111
22119
22123
22131
22135
22149
22155
22159
22165
22173
22179
22183
22189
22195
22201
22207
22221
22231
22237
22243
22249
22257
22261
22273
22279
22285
22293
22299
22303
22309
22317
22329
22333
22341
22345
22351
22363
22369
22383
22393
22399
22407
22411
22419
22425
22429
22435
22443
22447
22455
22461
22467
22471
22483
22503
22509
22513
22525
22533
22537
22543
22551
22561
22567
22573
22579
22585
22599
22603
22611
22615
22621
22639
22645
22653
22665
22671
22681
22693
22699
22711
22719
22723
22729
22735
22741
22753
22761
22767
22771
22779
22785
22789
22795
22809
22813
22819
22831
22837
22845
22855
22861
22873
22879
22893
22903
22909
22917
22923
22929
22933
22939
22945
22953
22957
22963
22975
22993
23005
23013
23017
23023
23029
23041
23055
23059
23065
23073
23079
23083
23089
23101
23107
23115
23119
23133
23139
23145
23149
23161
23169
23175
23185
23191
23199
23203
23209
23217
23223
23229
23241
23247
23251
23269
23281
23287
23293
23299
23313
23323
23329
23335
23341
23359
23367
23371
23395
23401
23409
23419
23433
23439
23449
23455
23461
23475
23479
23497
23503
23509
23517
23533
23539
23551
23559
23563
23569
23583
23595
23601
23605
23611
23625
23629
23635
23643
23653
23659
23665
23671
23679
23685
23689
23703
23715
23719
23743
23749
23755
23763
23769
23775
23791
23799
23803
23811
23815
23821
23829
23833
23839
23845
23859
23863
23871
23875
23881
23889
23895
23899
23911
23917
23925
23931
23937
23941
23955
23959
23967
23971
23979
23983
23995
24003
24009
24021
24025
24031
24045
24051
24055
24063
24067
24073
24079
24085
24093
24099
24105
24109
24115
24123
24129
24135
24139
24153
24163
24171
24181
24193
24199
24205
24217
24223
24231
24235
24241
24249
24253
24259
24279
24283
24289
24307
24315
24319
24331
24339
24345
24349
24357
24361
24373
24381
24385
24393
24405
24409
24415
24421
24433
24441
24445
24465
24471
24475
24483
24489
24501
24511
24517
24525
24529
24535
24547
24553
24561
24571
24591
24595
24601
24609
24613
24625
24633
24639
24651
24655
24661
24669
24673
24679
24685
24693
24699
24711
24717
24723
24735
24751
24757
24763
24769
24783
24795
24801
24805
24811
24823
24837
24843
24849
24853
24861
24865
24879
24885
24889
24903
24909
24919
24925
24931
24939
24945
24955
24967
24973
24979
24991
24997
25003
25009
25015
25021
25029
25033
25039
25045
25051
25059
25065
25075
25089
25093
25099
25107
25113
25119
25123
25129
25135
25149
25155
25165
25171
25179
25185
25191
25197
25201
25221
25231
25239
25245
25249
25255
25263
25269
25273
25281
25297
25303
25309
25323
25341
25345
25351
25359
25369
25375
25383
25387
25393
25401
25407
25411
25425
25429
25435
25441
25449
25455
25459
25465
25471
25483
25491
25497
25509
25513
25525
25533
25537
25543
25551
25563
25567
25575
25579
25585
25591
25597
25603
25611
25623
25635
25641
25645
25653
25659
25663
25669
25675
25681
25689
25695
25705
25711
25719
25725
25731
25735
25743
25749
25761
25765
25773
25779
25791
25795
25801
25809
25815
25819
25831
25837
25843
25849
25857
25863
25869
25875
25891
25897
25903
25915
25921
25929
25933
25939
25945
25953
25959
25969
25983
25999
26005
26019
26023
26029
26037
26043
26055
26059
26065
26079
26083
26095
26101
26109
26113
26121
26137
26143
26149
26155
26163
26169
26173
26179
26185
26191
26205
26211
26221
26229
26235
26239
26251
26263
26269
26281
26295
26299
26305
26311
26319
26323
26331
26335
26341
26349
26359
26367
26373
26389
26395
26401
26409
26419
26425
26433
26439
26449
26461
26467
26475
26481
26485
26491
26499
26503
26515
26523
26529
26541
26547
26559
26563
26571
26575
26589
26593
26599
26605
26617
26629
26635
26641
26649
26653
26661
26667
26671
26683
26689
26695
26701
26709
26713
26719
26725
26731
26737
26745
26751
26757
26761
26775
26779
26785
26799
26803
26809
26815
26823
26835
26841
26845
26851
26859
26863
26869
26881
26893
26901
26905
26911
26919
26923
26929
26935
26943
26949
26953
26961
26965
26979
26983
26989
26995
27009
27013
27019
27033
27037
27045
27051
27061
27067
27075
27079
27087
27093
27105
27109
27121
27129
27139
27145
27151
27157
27163
27171
27175
27181
27193
27199
27205
27213
27219
27223
27241
27247
27255
27259
27273
27279
27283
27291
27301
27321
27325
27331
27339
27357
27363
27369
27387
27399
27403
27409
27415
27423
27429
27433
27439
27451
27459
27465
27475
27481
27489
27493
27501
27507
27511
27525
27529
27535
27541
27553
27583
27591
27595
27613
27619
27625
27633
27637
27643
27649
27655
27661
27675
27681
27691
27699
27703
27733
27739
27745
27751
27759
27765
27769
27775
27781
27787
27793
27801
27805
27811
27819
27825
27829
27843
27847
27853
27867
27873
27885
27889
27895
27901
27907
27919
27931
27943
27949
27955
27963
27969
27975
27979
27985
27993
27999
28003
28011
28021
28029
28033
28041
28045
28053
28059
28071
28075
28083
28089
28099
28105
28111
28117
28125
28129
28143
28153
28159
28165
28183
28195
28201
28213
28221
28231
28257
28263
28269
28273
28279
28285
28291
28299
28309
28321
28333
28341
28347
28351
28363
28371
28383
28389
28395
28405
28411
28417
28423
28431
28435
28441
28449
28453
28461
28465
28473
28479
28495
28501
28507
28515
28519
28531
28539
28543
28549
28557
28561
28573
28579
28587
28593
28599
28603
28609
28621
28629
28633
28645
28651
28659
28663
28671
28675
28687
28699
28705
28713
28725
28729
28741
28747
28753
28761
28773
28783
28789
28795
28803
28809
28813
28819
28831
28839
28845
28851
28861
28869
28873
28879
28893
28897
28903
28909
28915
28923
28929
28935
28951
28957
28963
28971
28981
28993
29001
29007
29011
29019
29023
29029
29035
29043
29055
29061
29065
29071
29079
29103
29107
29119
29125
29131
29137
29149
29155
29169
29175
29179
29191
29197
29203
29209
29215
29223
29229
29233
29245
29253
29259
29263
29271
29289
29295
29299
29305
29313
29329
29335
29341
29349
29355
29365
29373
29379
29385
29389
29397
29401
29413
29425
29431
29439
29443
29449
29455
29461
29469
29475
29481
29485
29491
29503
29511
29515
29523
29529
29533
29539
29553
29559
29569
29575
29583
29589
29593
29601
29613
29617
29625
29631
29635
29641
29649
29665
29671
29679
29683
29691
29697
29701
29719
29725
29739
29743
29751
29755
29761
29781
29791
29799
29803
29809
29821
29833
29839
29853
29865
29869
29875
29881
29895
29901
29905
29911
29919
29923
29929
29935
29943
29949
29961
29985
29989
30013
30021
30031
30049
30055
30061
30069
30073
30085
30091
30099
30105
30111
30115
30121
30129
30133
30139
30147
30153
30159
30163
30169
30183
30187
30199
30205
30211
30217
30225
30237
30243
30255
30259
30267
30271
30285
30295
30309
30313
30321
30325
30339
30343
30349
30355
30367
30373
30379
30391
30397
30405
30411
30423
30429
30433
30439
30447
30451
30463
30469
30493
30499
30507
30511
30519
30523
30531
30541
30549
30553
30559
30567
30579
30583
30595
30601
30619
30633
30639
30645
30651
30657
30663
30673
30679
30691
30699
30705
30709
30715
30729
30733
30741
30751
30757
30765
30769
30775
30783
30789
30793
30805
30811
30817
30831
30841
30853
30861
30867
30871
30883
30889
30895
30901
30913
30931
30939
30943
30951
30961
30969
30973
30979
30985
30993
31009
31015
31021
31035
31039
31045
31053
31057
31065
31071
31081
31087
31093
31099
31107
31113
31123
31129
31135
31141
31147
31153
31161
31165
31171
31179
31183
31191
31195
31203
31209
31213
31221
31225
31233
31239
31249
31255
31261
31269
31273
31279
31287
31291
31303
31309
31317
31321
31329
31335
31339
31347
31353
31359
31363
31381
31387
31393
31399
31413
31419
31429
31437
31441
31455
31459
31471
31479
31483
31491
31497
31513
31519
31525
31531
31543
31549
31557
31569
31575
31581
31585
31603
31609
31617
31629
31633
31639
31645
31651
31659
31665
31669
31681
31687
31695
31701
31711
31723
31729
31743
31749
31753
31765
31771
31791
31795
31801
31809
31815
31819
31825
31837
31849
31861
31869
31875
31879
31885
31893
31897
31909
31921
31933
31947
31953
31959
31965
31975
31983
31987
31993
32001
32005
32011
32019
32029
32043
32053
32059
32065
32071
32079
32085
32089
32095
32101
32107
32113
32119
32137
32143
32161
32173
32185
32191
32199
32205
32215
32235
32239
32247
32253
32259
32263
32275
32289
32299
32305
32311
32319
32323
32329
32337
32343
32355
32361
32365
32371
32379
32383
32403
32407
32413
32421
32425
32431
32443
32449
32457
32469
32479
32485
32491
32497
32505
32509
32523
32529
32533
32539
32563
32569
32575
32581
32589
32595
32599
32605
32611
32623
32635
32641
32647
32655
32659
32665
32679
32689
32695
32703
32709
32715
32719
32731
32737
32743
32751
32757
32773
32781
32785
32791
32799
32803
32817
32821
32829
32833
32841
32845
32851
32865
32871
32883
32887
32899
32907
32911
32919
32935
32941
32949
32959
32971
32985
32989
32995
33001
33015
33025
33031
33037
33045
33051
33055
33073
33085
33093
33097
33103
33109
33115
33121
33129
33135
33151
33159
33163
33171
33181
33193
33199
33205
33211
33219
33225
33229
33249
33255
33267
33279
33283
33289
33297
33303
33313
33319
33325
33331
33339
33345
33349
33355
33361
33367
33375
33379
33393
33403
33411
33415
33429
33433
33447
33453
33459
33463
33471
33481
33489
33495
33505
33519
33523
33531
33535
33543
33547
33559
33565
33571
33579
33583
33589
33597
33601
33615
33619
33625
33631
33639
33643
33649
33661
33669
33673
33681
33687
33703
33709
33715
33723
33729
33733
33741
33751
33759
33769
33775
33781
33793
33799
33807
33811
33825
33829
33835
33853
33859
33865
33871
33883
33891
33895
33909
33913
33921
33925
33933
33939
33943
33951
33957
33961
33969
33975
33981
33999
34005
34011
34017
34021
34033
34041
34045
34051
34059
34063
34083
34089
34105
34117
34125
34129
34137
34143
34149
34159
34165
34171
34185
34189
34201
34207
34213
34219
34233
34237
34243
34251
34255
34261
34269
34275
34285
34291
34299
34303
34311
34315
34321
34329
34339
34347
34353
34363
34369
34375
34383
34389
34395
34401
34405
34417
34423
34431
34441
34453
34459
34471
34479
34485
34489
34497
34501
34509
34513
34521
34539
34545
34551
34557
34585
34591
34599
34605
34609
34615
34623
34633
34641
34651
34665
34669
34675
34681
34689
34693
34705
34719
34723
34731
34737
34741
34749
34755
34759
34765
34779
34783
34795
34809
34819
34825
34831
34837
34843
34849
34857
34863
34873
34879
34885
34899
34903
34909
34915
34921
34929
34941
34951
34957
34963
34983
34987
34993
34999
35007
35013
35025
35029
35041
35049
35053
35059
35067
35071
35083
35091
35097
35101
35109
35113
35119
35131
35137
35143
35151
35155
35161
35173
35179
35197
35203
35211
35215
35223
35229
35235
35239
35253
35259
35263
35269
35281
35287
35293
35299
35313
35319
35325
35329
35341
35355
35365
35379
35383
35389
35395
35403
35409
35419
35425
35431
35439
35445
35449
35463
35469
35473
35481
35493
35509
35517
35521
35529
35533
35539
35545
35571
35575
35581
35593
35599
35605
35613
35619
35629
35637
35641
35655
35671
35679
35685
35689
35715
35721
35731
35749
35755
35761
35769
35773
35781
35797
35803
35811
35815
35823
35829
35833
35839
35847
35853
35859
35865
35871
35875
35881
35887
35899
35913
35925
35929
35935
35953
35959
35965
35971
35979
35983
35995
36001
36009
36013
36019
36033
36037
36043
36057
36063
36069
36075
36085
36097
36105
36109
36123
36133
36139
36145
36151
36163
36169
36183
36189
36193
36201
36211
36217
36223
36231
36237
36243
36249
36253
36261
36265
36271
36279
36289
36295
36301
36309
36315
36319
36331
36343
36351
36355
36369
36373
36379
36385
36391
36397
36405
36411
36417
36421
36435
36439
36445
36453
36459
36469
36475
36481
36495
36499
36505
36511
36525
36529
36537
36543
36553
36561
36565
36573
36583
36589
36601
36607
36621
36625
36631
36639
36645
36651
36655
36669
36673
36679
36685
36693
36697
36705
36709
36715
36723
36733
36741
36747
36751
36763
36769
36775
36781
36789
36793
36811
36819
36823
36835
36847
36855
36859
36873
36879
36889
36895
36901
36915
36921
36925
36931
36943
36949
36963
36967
36975
36981
36993
36999
37003
37015
37021
37035
37041
37045
37051
37057
37063
37069
37083
37087
37099
37113
37119
37125
37131
37141
37149
37153
37161
37167
37173
37183
37189
37201
37209
37213
37219
37225
37239
37243
37255
37269
37275
37279
37287
37293
37309
37315
37321
37335
37339
37353
37359
37363
37371
37381
37387
37399
37405
37411
37423
37437
37443
37449
37453
37461
37465
37479
37483
37491
37495
37503
37509
37513
37519
37525
37531
37537
37545
37549
37561
37569
37573
37579
37587
37591
37609
37615
37621
37629
37633
37645
37651
37659
37665
37675
37681
37687
37693
37701
37705
37719
37723
37731
37735
37749
37759
37765
37771
37783
37797
37801
37813
37821
37833
37843
37849
37855
37861
37873
37881
37887
37891
37899
37905
37909
37917
37933
37941
37947
37951
37959
37965
37969
37981
37989
37993
37999
38013
38025
38031
38037
38041
38049
38055
38071
38085
38091
38107
38115
38121
38125
38133
38137
38149
38155
38169
38175
38179
38185
38191
38197
38203
38217
38221
38233
38239
38247
38251
38263
38269
38275
38281
38289
38295
38301
38305
38319
38323
38329
38335
38343
38347
38353
38359
38367
38373
38379
38385
38395
38403
38407
38413
38419
38433
38437
38445
38449
38455
38461
38485
38491
38497
38503
38517
38529
38533
38541
38545
38559
38563
38569
38581
38587
38595
38605
38611
38617
38623
38631
38637
38641
38653
38661
38671
38679
38685
38689
38695
38701
38707
38713
38725
38731
38739
38749
38763
38767
38779
38785
38791
38799
38805
38811
38815
38823
38829
38835
38839
38851
38863
38869
38875
38883
38893
38899
38905
38913
38919
38923
38931
38935
38941
38947
38955
38959
38967
38973
38979
38991
38995
39021
39025
39033
39037
39043
39049
39063
39073
39081
39087
39091
39099
39105
39109
39115
39121
39129
39135
39141
39147
39159
39163
39183
39189
39193
39201
39207
39211
39219
39229
39235
39241
39253
39259
39267
39271
39283
39291
39295
39303
39309
39315
39319
39325
39331
39337
39343
39361
39367
39373
39381
39385
39393
39399
39409
39417
39421
39429
39435
39441
39445
39453
39463
39471
39499
39505
39511
39523
39537
39543
39549
39553
39565
39571
39583
39595
39609
39621
39625
39633
39637
39645
39649
39661
39667
39673
39679
39687
39705
39709
39721
39729
39733
39739
39747
39751
39759
39763
39771
39781
39789
39793
39801
39805
39813
39817
39823
39829
39841
39849
39855
39859
39865
39871
39879
39885
39889
39901
39913
39919
39931
39939
39943
39955
39963
39967
39973
39981
39985
39991
39999
40011
40015
40033
40039
40047
40051
40059
40065
40071
40083
40087
40095
40101
40113
40123
40129
40135
40143
40153
40165
40171
40179
40183
40191
40195
40213
40219
40233
40239
40243
40251
40255
40261
40279
40285
40291
40297
40303
40309
40321
40335
40345
40351
40359
40363
40369
40383
40389
40401
40407
40411
40425
40429
40435
40449
40459
40467
40473
40479
40485
40489
40495
40501
40507
40521
40531
40545
40555
40561
40569
40579
40585
40591
40599
40603
40611
40615
40629
40633
40639
40645
40669
40675
40683
40695
40699
40711
40737
40741
40753
40759
40765
40771
40785
40789
40801
40807
40813
40821
40825
40831
40837
40843
40849
40855
40863
40869
40873
40879
40885
40897
40905
40911
40915
40929
40935
40941
40951
40957
40963
40969
40975
40983
40989
40995
40999
41011
41019
41025
41031
41035
41041
41047
41053
41059
41065
41073
41079
41083
41091
41097
41103
41115
41119
41133
41143
41151
41157
41161
41179
41185
41191
41203
41215
41221
41229
41233
41245
41257
41265
41269
41275
41283
41293
41301
41335
41341
41347
41353
41359
41367
41371
41383
41389
41401
41409
41413
41419
41425
41431
41437
41445
41455
41469
41473
41481
41487
41493
41499
41509
41515
41521
41529
41535
41541
41545
41551
41557
41565
41569
41581
41595
41599
41605
41611
41619
41623
41629
41643
41649
41653
41661
41671
41679
41683
41689
41709
41721
41731
41739
41751
41761
41767
41773
41779
41793
41803
41809
41815
41833
41845
41851
41865
41871
41881
41887
41893
41899
41905
41913
41919
41929
41937
41941
41949
41955
41959
41965
41971
41983
41989
41997
42001
42015
42019
42025
42033
42039
42043
42061
42073
42081
42085
42091
42097
42103
42111
42115
42133
42141
42147
42151
42159
42165
42171
42181
42189
42195
42199
42211
42223
42229
42235
42241
42249
42259
42267
42273
42283
42295
42301
42309
42313
42321
42325
42333
42339
42351
42361
42375
42381
42393
42399
42405
42409
42423
42435
42439
42445
42453
42459
42463
42469
42475
42483
42487
42493
42501
42507
42511
42531
42535
42547
42553
42559
42567
42571
42579
42585
42589
42595
42601
42607
42613
42631
42637
42643
42649
42661
42669
42679
42685
42691
42699
42703
42711
42717
42721
42729
42739
42745
42753
42769
42775
42781
42789
42795
42799
42805
42817
42823
42829
42841
42855
42859
42865
42871
42879
42895
42901
42909
42921
42925
42931
42939
42945
42949
42955
42963
42969
42973
42979
42987
42991
43005
43011
43015
43021
43029
43033
43039
43047
43051
43065
43069
43089
43095
43099
43105
43119
43125
43135
43153
43161
43165
43173
43179
43191
43195
43203
43209
43215
43221
43225
43233
43237
43245
43249
43257
43263
43273
43281
43285
43293
43299
43315
43321
43329
43333
43347
43351
43359
43363
43375
43387
43393
43399
43405
43413
43419
43425
43429
43443
43447
43453
43459
43467
43471
43483
43489
43497
43501
43515
43519
43525
43533
43537
43543
43551
43555
43567
43575
43579
43593
43599
43609
43615
43629
43635
43639
43651
43657
43663
43671
43693
43699
43707
43713
43719
43723
43737
43753
43761
43767
43779
43783
43789
43795
43803
43807
43821
43833
43839
43845
43849
43855
43863
43869
43881
43891
43915
43921
43933
43945
43953
43959
43963
43971
43975
43989
43993
43999
44005
44013
44017
44023
44029
44037
44041
44049
44055
44061
44071
44079
44089
44097
44103
44113
44119
44125
44131
44143
44155
44161
44169
44173
44181
44187
44191
44203
44209
44223
44229
44247
44251
44259
44265
44269
44275
44281
44295
44299
44307
44311
44331
44337
44341
44353
44359
44373
44383
44391
44401
44407
44413
44419
44439
44451
44455
44463
44467
44479
44485
44491
44499
44503
44509
44517
44521
44533
44539
44545
44551
44559
44565
44569
44581
44589
44617
44623
44629
44635
44643
44649
44653
44659
44665
44685
44689
44701
44707
44713
44719
44731
44743
44755
44763
44769
44773
44779
44791
44799
44805
44811
44817
44821
44829
44833
44841
44845
44853
44869
44881
44889
44895
44901
44905
44911
44919
44923
44929
44941
44953
44961
44965
44973
44979
44985
44989
44997
45001
45009
45015
45031
45039
45055
45063
45079
45085
45091
45121
45129
45133
45139
45147
45153
45163
45171
45181
45193
45199
45207
45213
45223
45235
45247
45253
45261
45265
45273
45283
45291
45295
45301
45309
45315
45319
45331
45337
45343
45349
45361
45373
45379
45391
45399
45403
45415
45423
45429
45435
45441
45445
45451
45457
45465
45471
45475
45483
45493
45499
45505
45511
45517
45525
45531
45535
45543
45547
45555
45559
45571
45585
45589
45595
45601
45609
45613
45633
45637
45643
45651
45661
45667
45675
45679
45685
45693
45699
45703
45709
45717
45729
45739
45745
45753
45757
45763
45769
45781
45793
45805
45819
45823
45829
45835
45841
45855
45861
45865
45871
45885
45889
45895
45903
45909
45921
45933
45937
45945
45949
45955
45961
45973
45981
45991
46003
46017
46023
46029
46045
46051
46059
46063
46071
46075
46089
46093
46101
46105
46119
46135
46143
46149
46155
46159
46173
46183
46189
46197
46201
46213
46221
46225
46231
46239
46245
46255
46261
46273
46281
46287
46291
46299
46303
46309
46315
46323
46329
46339
46351
46365
46371
46375
46383
46387
46393
46401
46407
46413
46431
46437
46441
46449
46453
46459
46465
46473
46479
46483
46491
46501
46509
46513
46521
46525
46539
46551
46557
46561
46569
46575
46579
46585
46591
46597
46603
46611
46617
46621
46635
46641
46645
46651
46665
46681
46687
46693
46701
46705
46725
46729
46747
46753
46759
46771
46779
46785
46791
46803
46809
46813
46819
46831
46849
46855
46861
46869
46879
46887
46891
46899
46903
46921
46929
46935
46953
46957
46969
46975
46983
46987
46995
46999
47013
47017
47025
47031
47041
47047
47053
47059
47067
47071
47079
47083
47089
47095
47109
47113
47121
47125
47131
47139
47145
47149
47157
47163
47169
47181
47185
47191
47209
47221
47229
47235
47239
47251
47269
47281
47289
47295
47299
47305
47311
47319
47323
47337
47341
47349
47353
47359
47365
47373
47383
47389
47397
47403
47409
47415
47419
47425
47433
47443
47451
47457
47461
47473
47487
47493
47499
47503
47509
47515
47523
47529
47535
47541
47545
47551
47565
47571
47583
47589
47593
47599
47607
47611
47619
47625
47629
47641
47655
47659
47667
47683
47695
47701
47709
47713
47719
47733
47737
47743
47755
47761
47779
47785
47793
47799
47809
47821
47839
47845
47859
47865
47871
47883
47893
47899
47905
47913
47919
47923
47929
47935
47941
47949
47953
47965
47971
47979
47983
47991
47995
48003
48013
48019
48025
48031
48045
48051
48067
48073
48079
48093
48105
48111
48117
48121
48133
48139
48147
48151
48159
48163
48175
48181
48189
48195
48199
48217
48223
48229
48241
48249
48261
48273
48279
48283
48301
48307
48313
48333
48339
48343
48355
48361
48369
48373
48381
48385
48399
48405
48409
48415
48423
48429
48439
48447
48451
48459
48465
48469
48475
48481
48487
48493
48499
48525
48529
48535
48541
48555
48565
48571
48591
48595
48613
48621
48625
48633
48639
48643
48649
48657
48663
48669
48675
48679
48685
48697
48705
48709
48717
48723
48733
48745
48753
48759
48763
48769
48781
48789
48793
48801
48805
48811
48819
48823
48829
48835
48849
48853
48859
48865
48871
48885
48891
48901
48907
48915
48919
48933
48937
48945
48949
48955
48963
48969
48975
48991
49005
49011
49017
49021
49029
49033
49039
49045
49059
49063
49071
49083
49087
49095
49099
49105
49111
49119
49123
49141
49147
49153
49159
49165
49171
49179
49185
49195
49201
49209
49213
49221
49225
49239
49243
49249
49255
49263
49279
49287
49293
49299
49305
49309
49321
49329
49333
49341
49353
49357
49365
49369
49375
49381
49393
49405
49411
49417
49425
49431
49435
49449
49453
49461
49465
49479
49483
49501
49507
49521
49525
49531
49537
49549
49561
49575
49579
49585
49591
49599
49605
49609
49615
49629
49635
49641
49645
49651
49663
49669
49683
49689
49699
49707
49713
49719
49729
49735
49741
49747
49755
49759
49771
49783
49789
49803
49809
49813
49825
49833
49845
49855
49867
49873
49879
49893
49899
49911
49921
49929
49939
49945
49959
49965
49971
49993
50001
50019
50023
50035
50043
50049
50053
50061
50071
50079
50089
50095
50103
50109
50113
50119
50125
50131
50145
50149
50155
50161
50167
50175
50179
50187
50193
50203
50209
50223
50229
50233
50239
50259
50263
50271
50275
50281
50289
50293
50301
50307
50313
50319
50323
50331
50335
50341
50359
50365
50373
50379
50383
50389
50397
50401
50413
50419
50425
50431
50443
50457
50461
50475
50499
50503
50511
50515
50529
50539
50545
50551
50565
50581
50589
50593
50601
50623
50629
50635
50641
50649
50653
50665
50671
50685
50691
50695
50701
50709
50719
50725
50739
50743
50755
50763
50769
50775
50779
50791
50797
50803
50817
50823
50833
50839
50847
50851
50859
50869
50875
50881
50887
50893
50901
50907
50911
50919
50925
50929
50953
50959
50967
50971
50985
50989
50995
51003
51009
51013
51033
51045
51049
51057
51061
51073
51085
51091
51099
51103
51111
51115
51133
51139
51153
51159
51171
51187
51195
51199
51205
51211
51217
51229
51237
51241
51253
51259
51265
51271
51279
51285
51289
51297
51309
51315
51325
51331
51343
51349
51355
51363
51381
51385
51393
51405
51409
51415
51421
51429
51433
51439
51447
51451
51463
51471
51475
51481
51489
51505
51513
51519
51523
51531
51535
51541
51553
51561
51565
51579
51583
51589
51595
51601
51609
51615
51619
51633
51639
51643
51649
51657
51661
51673
51681
51685
51691
51699
51705
51709
51715
51721
51735
51745
51751
51769
51775
51783
51787
51793
51799
51805
51813
51819
51825
51829
51841
51847
51855
51861
51871
51895
51901
51909
51915
51925
51931
51939
51943
51951
51957
51961
51969
51973
51979
51987
51993
52011
52023
52029
52039
52045
52053
52059
52063
52069
52083
52095
52101
52105
52123
52129
52135
52143
52149
52153
52165
52179
52183
52191
52203
52225
52231
52239
52245
52251
52255
52261
52267
52281
52287
52291
52303
52315
52323
52329
52335
52345
52359
52363
52371
52381
52387
52393
52413
52435
52449
52455
52459
52465
52473
52479
52491
52497
52503
52513
52519
52525
52531
52539
52543
52555
52563
52569
52573
52581
52585
52597
52605
52611
52615
52623
52629
52633
52641
52647
52653
52659
52669
52675
52693
52699
52707
52711
52723
52729
52735
52749
52755
52759
52771
52779
52783
52791
52797
52801
52809
52815
52819
52833
52837
52843
52851
52855
52861
52869
52881
52885
52891
52903
52909
52921
52939
52945
52953
52959
52963
52969
52975
52983
52987
52995
53001
53005
53019
53023
53037
53049
53053
53061
53065
53071
53079
53089
53095
53101
53109
53113
53119
53131
53137
53149
53157
53161
53169
53173
53179
53191
53199
53203
53215
53233
53241
53245
53257
53269
53281
53287
53295
53299
53311
53317
53323
53329
53337
53343
53355
53361
53379
53383
53395
53401
53409
53413
53421
53439
53443
53455
53473
53479
53485
53493
53505
53509
53515
53529
53541
53547
53551
53565
53571
53583
53589
53593
53599
53611
53617
53625
53631
53635
53641
53647
53655
53659
53667
53673
53683
53689
53695
53701
53719
53733
53749
53761
53767
53773
53779
53785
53793
53799
53805
53815
53821
53833
53841
53851
53857
53863
53883
53889
53893
53899
53907
53919
53925
53929
53935
53941
53947
53953
53959
53971
53983
53989
53995
54001
54009
54013
54025
54031
54039
54051
54061
54075
54079
54085
54093
54099
54103
54111
54123
54129
54135
54141
54153
54157
54165
54169
54181
54187
54195
54201
54205
54213
54219
54223
54229
54237
54243
54249
54253
54261
54267
54271
54279
54289
54295
54309
54313
54321
54325
54333
54337
54349
54363
54369
54373
54379
54403
54409
54415
54421
54429
54435
54439
54445
54451
54463
54471
54481
54495
54499
54505
54519
54523
54535
54541
54547
54555
54559
54565
54571
54579
54583
54591
54601
54607
54613
54619
54625
54631
54639
54643
54649
54663
54669
54673
54681
54685
54691
54699
54705
54711
54715
54723
54729
54739
54747
54753
54759
54765
54769
54775
54781
54787
54799
54813
54831
54835
54843
54853
54867
54871
54879
54883
54891
54895
54909
54915
54919
54925
54937
54943
54949
54955
54961
54975
54981
54985
54991
55003
55009
55017
55021
55035
55039
55051
55059
55063
55069
55075
55081
55101
55105
55111
55119
55129
55137
55149
55165
55173
55179
55195
55201
55209
55215
55219
55231
55237
55243
55249
55261
55269
55279
55285
55293
55299
55305
55315
55333
55339
55345
55353
55359
55371
55375
55381
55401
55411
55417
55423
55431
55437
55441
55455
55459
55465
55471
55479
55485
55489
55495
55503
55509
55513
55521
55531
55543
55549
55563
55567
55579
55587
55591
55599
55605
55609
55621
55633
55641
55651
55657
55663
55669
55675
55683
55689
55693
55699
55713
55719
55723
55731
55735
55749
55755
55761
55765
55789
55795
55801
55809
55815
55819
55825
55831
55839
55845
55849
55857
55861
55873
55887
55891
55899
55903
55909
55923
55929
55933
55947
55951
55959
55965
55969
55975
55987
55999
56005
56011
56041
56049
56053
56067
56073
56083
56089
56095
56101
56115
56125
56133
56145
56151
56169
56173
56179
56193
56197
56209
56215
56221
56229
56235
56239
56245
56251
56257
56263
56269
56283
56295
56301
56307
56311
56323
56335
56353
56361
56365
56371
56379
56385
56389
56395
56403
56419
56425
56433
56437
56445
56449
56455
56463
56469
56473
56479
56491
56497
56503
56509
56521
56529
56533
56545
56553
56557
56563
56571
56587
56593
56599
56607
56613
56619
56623
56631
56635
56647
56661
56665
56673
56683
56689
56703
56713
56733
56739
56743
56749
56757
56761
56769
56775
56781
56785
56803
56809
56815
56823
56829
56833
56839
56845
56859
56865
56875
56881
56893
56899
56911
56917
56923
56931
56941
56953
56959
56965
56971
56979
56985
56991
56995
57001
57013
57025
57039
57043
57049
57055
57061
57069
57075
57079
57091
57099
57105
57109
57117
57121
57133
57141
57145
57151
57165
57175
57181
57187
57193
57201
57205
57219
57223
57237
57243
57253
57261
57265
57271
57285
57289
57303
57309
57313
57331
57337
57349
57355
57369
57375
57385
57391
57399
57405
57415
57421
57429
57435
57441
57447
57459
57463
57469
57483
57487
57495
57499
57505
57511
57517
57523
57529
57541
57559
57571
57585
57589
57595
57603
57609
57613
57621
57625
57637
57643
57651
57655
57669
57681
57685
57691
57699
57711
57715
57721
57729
57733
57739
57747
57753
57765
57771
57775
57783
57789
57793
57799
57805
57811
57823
57831
57841
57849
57855
57861
57873
57883
57889
57897
57901
57909
57915
57919
57925
57937
57945
57949
57961
57975
57979
57985
57993
57999
58005
58015
58023
58029
58033
58041
58045
58051
58059
58063
58069
58075
58087
58101
58105
58111
58119
58129
58141
58149
58153
58167
58171
58185
58191
58195
58201
58209
58213
58219
58225
58231
58239
58245
58269
58273
58279
58287
58293
58311
58315
58321
58335
58339
58345
58363
58369
58381
58387
58393
58399
58405
58413
58419
58425
58429
58441
58447
58453
58461
58471
58479
58483
58491
58495
58509
58513
58519
58531
58539
58545
58549
58555
58563
58569
58573
58581
58587
58603
58615
58629
58633
58639
58651
58659
58663
58681
58689
58695
58699
58705
58713
58717
58729
58735
58743
58755
58759
58765
58773
58779
58785
58789
58813
58819
58825
58833
58839
58849
58863
58875
58881
58887
58891
58899
58903
58909
58915
58923
58939
58945
58953
58965
58969
58981
58993
58999
59007
59011
59023
59029
59037
59049
59053
59065
59071
59079
59085
59091
59095
59109
59115
59121
59125
59133
59137
59143
59151
59157
59161
59169
59175
59179
59185
59193
59197
59209
59221
59235
59239
59245
59251
59259
59265
59275
59283
59289
59293
59311
59317
59325
59329
59335
59343
59349
59353
59359
59371
59379
59389
59395
59401
59409
59419
59431
59443
59449
59455
59461
59469
59473
59479
59485
59493
59499
59505
59511
59515
59521
59533
59539
59545
59559
59563
59569
59583
59589
59595
59601
59613
59617
59623
59629
59637
59653
59661
59665
59671
59679
59683
59689
59695
59701
59709
59725
59731
59743
59749
59755
59767
59773
59779
59791
59799
59805
59811
59821
59829
59835
59839
59847
59851
59865
59869
59881
59889
59895
59899
59905
59923
59931
59937
59941
59953
59959
59967
59973
59983
59989
60001
60009
60015
60019
60031
60037
60043
60057
60063
60079
60085
60091
60103
60109
60121
60129
60133
60141
60145
60151
60163
60169
60183
60193
60201
60207
60211
60219
60225
60243
60247
60253
60259
60273
60285
60291
60295
60303
60313
60319
60333
60339
60343
60351
60355
60369
60375
60381
60385
60393
60399
60415
60423
60429
60445
60451
60459
60471
60481
60487
60495
60499
60507
60511
60523
60529
60537
60541
60549
60561
60567
60571
60579
60585
60591
60597
60603
60609
60613
60619
60625
60633
60639
60649
60661
60681
60691
60705
60709
60717
60721
60729
60735
60739
60747
60753
60759
60763
60771
60775
60781
60787
60795
60799
60807
60813
60823
60831
60835
60841
60849
60861
60871
60879
60883
60889
60901
60915
60919
60925
60939
60945
60955
60961
60969
60981
60987
61003
61009
61017
61029
61033
61039
61045
61053
61057
61065
61069
61075
61083
61093
61101
61113
61123
61129
61135
61143
61149
61153
61171
61179
61197
61213
61221
61225
61233
61237
61251
61255
61261
61269
61275
61281
61285
61291
61299
61303
61309
61317
61321
61333
61341
61345
61359
61365
61381
61387
61393
61405
61411
61419
61425
61431
61443
61447
61461
61465
61471
61485
61489
61495
61501
61507
61513
61521
61533
61545
61549
61555
61561
61573
61585
61591
61597
61605
61611
61615
61629
61633
61639
61645
61653
61659
61669
61675
61681
61689
61701
61705
61711
61717
61725
61729
61737
61741
61753
61759
61773
61779
61783
61803
61813
61821
61825
61839
61845
61855
61863
61867
61873
61881
61887
61893
61911
61915
61929
61935
61941
61951
61957
61963
61969
61975
61981
61989
61993
62005
62013
62019
62031
62041
62047
62055
62059
62065
62073
62079
62083
62091
62101
62109
62115
62121
62131
62139
62143
62163
62167
62173
62179
62187
62191
62199
62203
62209
62215
62221
62229
62235
62245
62269
62275
62287
62293
62299
62305
62313
62319
62325
62329
62335
62349
62353
62359
62367
62371
62385
62391
62397
62403
62409
62419
62425
62431
62437
62445
62451
62457
62461
62469
62475
62479
62485
62499
62503
62509
62515
62535
62539
62551
62557
62565
62583
62593
62599
62605
62611
62619
62625
62629
62635
62641
62655
62661
62665
62679
62685
62689
62697
62703
62713
62725
62733
62737
62745
62749
62755
62761
62767
62773
62781
62791
62803
62811
62821
62829
62833
62847
62851
62859
62863
62871
62875
62881
62887
62899
62905
62913
62919
62923
62929
62937
62941
62959
62965
62971
62979
62983
62989
63003
63007
63031
63043
63049
63055
63061
63069
63075
63081
63097
63103
63109
63115
63129
63133
63151
63159
63165
63181
63187
63193
63199
63207
63213
63223
63231
63235
63241
63249
63267
63279
63283
63295
63301
63313
63319
63333
63339
63343
63349
63355
63361
63369
63375
63379
63391
63399
63409
63421
63441
63445
63451
63463
63469
63475
63489
63493
63501
63511
63517
63523
63529
63535
63543
63561
63567
63571
63579
63589
63601
63607
63613
63619
63631
63643
63649
63655
63661
63669
63673
63679
63691
63697
63703
63711
63717
63721
63729
63739
63745
63763
63775
63783
63787
63795
63801
63805
63811
63817
63825
63829
63841
63853
63859
63865
63873
63879
63883
63889
63903
63907
63913
63921
63925
63931
63939
63945
63951
63957
63963
63969
63979
63993
63999
64005
64009
64015
64021
64033
64039
64047
64065
64069
64083
64093
64099
64107
64111
64123
64135
64149
64153
64159
64173
64179
64189
64219
64225
64231
64239
64245
64249
64263
64267
64273
64281
64285
64291
64299
64303
64321
64329
64333
64341
64371
64375
64383
64387
64399
64405
64411
64425
64435
64441
64447
64453
64467
64473
64485
64491
64497
64501
64509
64515
64531
64537
64543
64551
64555
64569
64579
64587
64593
64603
64611
64615
64623
64629
64635
64641
64645
64653
64663
64669
64681
64695
64701
64705
64711
64719
64725
64741
64749
64765
64779
64783
64791
64795
64813
64819
64837
64851
64855
64861
64867
64873
64879
64893
64897
64903
64909
64917
64921
64929
64935
64939
64951
64959
64965
64971
64999
65005
65013
65029
65035
65049
65055
65059
65065
65073
65079
65085
65091
65101
65113
65121
65125
65131
65139
65143
65149
65155
65161
65169
65173
65181
65185
65199
65203
65209
65215
65239
65247
65251
65259
65269
65281
65289
65295
65307
65311
65325
65329
65335
65341
65349
65355
65359
65365
65371
65383
65391
65395
65409
65413
65421
65425
65433
65439
65449
65461
65467
65475
65479
65497
65517
65521
65539
65545
65553
65559
65563
65569
65575
65581
65589
65593
65601
65605
65611
65619
65623
65631
65635
65643
65649
65653
65659
65671
65679
65689
65695
65701
65709
65713
65719
65731
65737
65745
65751
65757
65763
65779
65785
65791
65805
65811
65817
65829
65833
65839
65845
65853
65857
65863
65869
65883
65887
65895
65901
65911
65917
65923
65929
65937
65953
65959
65965
65973
65979
65983
65995
66009
66015
66021
66031
66039
66043
66049
66069
66073
66085
66091
66105
66109
66115
66121
66129
66135
66139
66147
66151
66163
66169
66175
66181
66189
66193
66199
66205
66219
66223
66241
66247
66253
66259
66267
66273
66279
66283
66295
66303
66321
66333
66337
66345
66349
66361
66375
66379
66385
66399
66405
66409
66415
66421
66433
66451
66459
66465
66469
66475
66487
66493
66501
66511
66519
66525
66529
66535
66543
66547
66555
66561
66567
66571
66585
66589
66595
66603
66613
66619
66631
66637
66645
66655
66681
66685
66693
66699
66703
66709
66715
66723
66729
66735
66741
66751
66765
66769
66793
66799
66805
66811
66823
66837
66841
66853
66865
66871
66879
66883
66889
66903
66907
66921
66925
66933
66945
66949
66961
66969
66975
66979
66987
67005
67009
67023
67029
67033
67045
67051
67057
67063
67071
67075
67081
67093
67101
67105
67113
67119
67123
67131
67141
67149
67155
67159
67171
67183
67189
67203
67207
67213
67219
67233
67239
67245
67249
67257
67263
67269
67273
67287
67291
67299
67309
67317
67323
67341
67345
67351
67371
67375
67387
67393
67399
67411
67423
67429
67435
67441
67449
67453
67479
67483
67491
67495
67501
67513
67521
67525
67533
67539
67549
67561
67567
67575
67579
67591
67599
67603
67609
67617
67621
67633
67647
67653
67659
67663
67669
67681
67687
67701
67705
67711
67725
67731
67735
67743
67749
67753
67759
67765
67779
67785
67791
67795
67803
67809
67815
67821
67831
67837
67843
67855
67869
67873
67885
67893
67903
67911
67921
67929
67933
67941
67945
67959
67963
67969
67975
67981
67989
67995
67999
68011
68019
68025
68043
68055
68061
68065
68073
68089
68095
68101
68113
68121
68125
68137
68143
68149
68163
68167
68173
68179
68185
68199
68209
68215
68221
68229
68235
68241
68247
68253
68263
68271
68275
68281
68289
68299
68313
68319
68323
68331
68341
68349
68353
68361
68365
68373
68379
68389
68397
68401
68433
68437
68443
68449
68457
68461
68475
68479
68485
68491
68503
68509
68521
68533
68541
68545
68559
68569
68575
68583
68589
68593
68599
68607
68613
68619
68635
68641
68647
68659
68671
68685
68689
68701
68709
68713
68731
68739
68743
68751
68757
68761
68769
68773
68779
68787
68793
68799
68815
68821
68829
68835
68859
68865
68881
68893
68899
68905
68911
68919
68923
68929
68935
68943
68947
68955
68961
68965
68971
68979
68985
68995
69003
69013
69021
69031
69037
69049
69063
69069
69073
69079
69091
69111
69121
69129
69135
69139
69145
69151
69159
69165
69171
69193
69199
69205
69223
69229
69235
69241
69249
69255
69259
69265
69271
69283
69291
69297
69315
69319
69339
69343
69355
69367
69373
69381
69385
69391
69399
69403
69415
69423
69429
69433
69439
69451
69459
69465
69469
69475
69483
69489
69493
69499
69507
69529
69537
69541
69549
69553
69559
69567
69573
69579
69585
69595
69601
69607
69615
69621
69625
69633
69639
69655
69663
69679
69685
69691
69699
69709
69723
69735
69739
69745
69763
69769
69781
69793
69811
69819
69823
69829
69835
69843
69849
69859
69873
69879
69885
69889
69895
69901
69909
69913
69921
69931
69943
69951
69961
69975
69987
69993
69999
70003
70011
70021
70029
70035
70039
70047
70053
70063
70069
70075
70081
70095
70099
70113
70117
70123
70141
70147
70159
70165
70171
70179
70183
70201
70209
70225
70231
70239
70243
70251
70255
70263
70269
70273
70281
70285
70291
70299
70311
70315
70323
70329
70333
70339
70353
70357
70363
70369
70375
70381
70389
70395
70405
70425
70431
70437
70441
70453
70459
70483
70489
70495
70503
70509
70515
70521
70531
70537
70545
70551
70561
70573
70585
70591
70599
70603
70609
70621
70629
70633
70641
70659
70665
70669
70675
70687
70693
70699
70707
70711
70719
70725
70731
70741
70747
70755
70767
70771
70783
70789
70795
70803
70819
70825
70843
70851
70855
70861
70869
70873
70879
70887
70893
70903
70911
70915
70921
70935
70939
70951
70959
70965
70971
70981
70987
70993
70999
71011
71019
71025
71029
71037
71041
71049
71055
71061
71071
71079
71083
71089
71103
71107
71121
71131
71145
71149
71155
71163
71169
71173
71181
71191
71205
71211
71217
71235
71239
71245
71251
71259
71263
71289
71293
71301
71313
71319
71329
71335
71341
71349
71355
71361
71365
71373
71379
71389
71401
71407
71413
71419
71431
71439
71445
71449
71455
71467
71473
71481
71485
71491
71503
71509
71517
71529
71533
71539
71545
71551
71559
71565
71569
71583
71589
71595
71599
71607
71611
71629
71635
71641
71649
71655
71659
71665
71673
71691
71695
71701
71707
71713
71719
71733
71737
71743
71751
71763
71779
71791
71805
71809
71821
71835
71839
71845
71851
71863
71869
71875
71881
71889
71895
71901
71911
71919
71925
71935
71943
71949
71959
71965
71971
71979
71985
71989
71995
72001
72007
72013
72019
72033
72037
72045
72049
72055
72063
72073
72079
72091
72097
72103
72111
72115
72121
72135
72141
72153
72159
72163
72169
72175
72187
72195
72211
72219
72223
72229
72237
72253
72261
72265
72271
72279
72289
72301
72307
72315
72339
72343
72349
72355
72363
72369
72379
72385
72391
72397
72405
72423
72429
72433
72441
72447
72453
72463
72469
72481
72489
72495
72499
72505
72513
72517
72535
72541
72549
72553
72561
72579
72589
72597
72603
72609
72615
72619
72625
72645
72649
72663
72667
72673
72679
72687
72691
72703
72709
72717
72721
72729
72735
72741
72747
72751
72765
72769
72787
72793
72799
72805
72811
72819
72825
72831
72843
72849
72853
72859
72871
72885
72891
72895
72903
72909
72913
72925
72933
72939
72951
72955
72961
72969
72975
72979
72985
72993
72999
73003
73011
73015
73021
73039
73045
73051
73063
73071
73081
73093
73099
73105
73111
73123
73129
73135
73143
73155
73161
73165
73183
73189
73195
73203
73219
73225
73239
73245
73251
73261
73267
73275
73279
73287
73293
73303
73311
73315
73321
73329
73333
73347
73353
73363
73371
73375
73381
73389
73393
73401
73405
73419
73423
73429
73435
73449
73455
73461
73473
73479
73483
73497
73501
73519
73525
73531
73545
73549
73555
73561
73567
73573
73581
73585
73591
73599
73605
73609
73615
73623
73633
73639
73645
73651
73657
73671
73675
73681
73687
73693
73701
73707
73711
73723
73729
73737
73743
73749
73753
73759
73767
73771
73785
73791
73797
73801
73809
73815
73819
73825
73839
73843
73849
73857
73861
73869
73879
73885
73891
73897
73903
73909
73917
73923
73935
73939
73945
73953
73963
73975
73983
73987
73993
74001
74019
74023
74029
74035
74043
74049
74053
74067
74071
74079
74085
74095
74101
74107
74113
74119
74133
74137
74145
74151
74155
74161
74169
74173
74179
74191
74199
74203
74211
74215
74221
74233
74253
74257
74269
74275
74281
74287
74295
74299
74305
74313
74319
74325
74331
74337
74341
74353
74359
74365
74373
74379
74383
74397
74403
74409
74413
74421
74437
74443
74451
74455
74469
74473
74481
74485
74491
74509
74515
74523
74529
74533
74541
74551
74563
74569
74575
74589
74595
74599
74611
74617
74625
74631
74647
74655
74659
74665
74673
74679
74689
74697
74701
74709
74715
74719
74731
74737
74745
74749
74757
74761
74773
74781
74787
74793
74799
74815
74823
74829
74833
74845
74859
74863
74871
74875
74889
74893
74899
74905
74913
74925
74931
74935
74941
74949
74955
74961
74983
75001
75009
75013
75019
75031
75039
75043
75055
75061
75067
75073
75081
75085
75099
75111
75135
75139
75145
75151
75157
75163
75169
75183
75195
75205
75211
75219
75225
75229
75235
75241
75249
75253
75267
75271
75279
75283
75289
75303
75307
75313
75325
75331
75339
75345
75349
75355
75367
75373
75379
75387
75391
75403
75409
75417
75421
75429
75433
75439
75445
75453
75481
75495
75499
75505
75513
75523
75529
75535
75541
75555
75559
75573
75579
75585
75589
75601
75607
75613
75619
75631
75643
75655
75661
75669
75681
75685
75691
75699
75705
75709
75715
75723
75729
75733
75741
75745
75751
75759
75765
75769
75775
75783
75789
75795
75799
75807
75813
75823
75835
75843
75853
75865
75871
75879
75885
75891
75895
75915
75933
75937
75943
75949
75963
75969
75981
75985
75991
75997
76003
76009
76023
76033
76041
76047
76051
76063
76075
76081
76087
76093
76101
76105
76123
76131
76137
76149
76159
76165
76179
76185
76201
76207
76215
76233
76245
76251
76255
76261
76269
76275
76279
76285
76291
76297
76303
76311
76315
76321
76333
76339
76345
76359
76369
76381
76387
76395
76405
76419
76423
76431
76437
76443
76459
76465
76471
76483
76489
76495
76503
76509
76513
76521
76525
76539
76543
76551
76555
76563
76567
76581
76593
76599
76605
76609
76621
76633
76639
76647
76651
76669
76675
76681
76693
76699
76711
76719
76723
76731
76735
76747
76753
76759
76765
76773
76779
76783
76791
76797
76803
76809
76815
76821
76831
76839
76849
76863
76867
76873
76885
76891
76899
76903
76909
76915
76921
76935
76941
76945
76951
76957
76963
76969
76983
76989
76993
76999
77005
77013
77019
77025
77031
77043
77049
77055
77059
77067
77071
77083
77089
77095
77103
77109
77115
77119
77125
77133
77137
77143
77151
77155
77169
77173
77179
77185
77193
77197
77203
77211
77215
77221
77229
77239
77245
77251
77257
77263
77269
77281
77293
77299
77307
77311
77319
77325
77329
77337
77341
77349
77353
77361
77367
77371
77379
77383
77419
77431
77439
77449
77463
77467
77473
77479
77487
77491
77511
77515
77523
77529
77535
77545
77551
77557
77563
77571
77575
77589
77593
77613
77619
77623
77629
77635
77641
77649
77659
77665
77671
77679
77683
77689
77697
77701
77713
77721
77725
77733
77743
77749
77757
77763
77773
77785
77791
77799
77803
77809
77815
77823
77839
77847
77851
77865
77869
77889
77895
77901
77907
77913
77923
77931
77935
77943
77949
77953
77965
77971
77979
77985
77991
78001
78007
78019
78033
78037
78043
78049
78055
78061
78075
78079
78085
78097
78103
78109
78123
78135
78139
78147
78159
78163
78169
78175
78181
78189
78193
78201
78205
78231
78235
78243
78253
78261
78273
78279
78285
78291
78295
78303
78307
78313
78319
78333
78337
78343
78349
78357
78361
78369
78397
78403
78411
78417
78429
78433
78439
78447
78459
78469
78475
78481
78489
78495
78499
78511
78519
78541
78555
78559
78571
78579
78583
78595
78603
78609
78621
78625
78637
78645
78651
78655
78663
78687
78693
78699
78705
78709
78715
78721
78739
78747
78751
78763
78771
78775
78781
78789
78793
78799
78805
78811
78819
78823
78831
78837
78841
78853
78859
78867
78879
78889
78895
78901
78921
78931
78937
78943
78949
78957
78961
78973
78979
78987
78991
78999
79009
79015
79033
79041
79045
79051
79059
79063
79071
79089
79101
79105
79111
79117
79125
79129
79135
79141
79149
79153
79161
79171
79183
79189
79195
79203
79215
79219
79231
79239
79243
79261
79275
79279
79285
79299
79303
79311
79317
79321
79329
79335
79339
79351
79359
79369
79381
79387
79395
79399
79407
79411
79425
79429
79435
79443
79449
79453
79483
79491
79495
79503
79507
79519
79531
79539
79545
79551
79561
79567
79573
79581
79591
79603
79611
79615
79623
79629
79633
79639
79659
79663
79671
79675
79689
79693
79699
79713
79719
79735
79743
79749
79755
79759
79771
79779
79785
79797
79803
79813
79819
79825
79831
79839
79843
79849
79857
79863
79869
79873
79885
79891
79903
79909
79915
79929
79933
79941
79945
79953
79957
79969
79975
79981
79989
79995
79999
80007
80023
80029
80035
80041
80053
80059
80065
80073
80079
80085
80109
80113
80119
80133
80143
80149
80155
80161
80167
80175
80179
80193
80209
80221
80233
80241
80245
80253
80259
80263
80275
80281
80287
80295
80301
80305
80311
80319
80325
80331
80337
80343
80349
80359
80365
80371
80379
80389
80403
80409
80421
80431
80449
80457
80463
80469
80473
80479
80487
80491
80499
80503
80515
80529
80533
80539
80557
80569
80595
80601
80605
80611
80623
80629
80637
80643
80653
80659
80671
80679
80683
80689
80697
80703
80715
80721
80725
80739
80743
80749
80755
80763
80767
80779
80785
80791
80805
80811
80815
80821
80829
80833
80841
80851
80865
80871
80883
80889
80893
80899
80911
80919
80925
80931
80935
80955
80965
80991
80997
81001
81009
81015
81019
81025
81033
81043
81049
81061
81073
81079
81085
81093
81099
81103
81115
81121
81133
81141
81145
81159
81163
81171
81175
81183
81199
81205
81211
81217
81225
81231
81235
81241
81247
81261
81267
81273
81283
81295
81301
81309
81313
81325
81333
81337
81345
81351
81355
81361
81373
81381
81385
81399
81403
81409
81423
81429
81435
81441
81451
81459
81465
81469
81481
81495
81505
81511
81519
81523
81529
81535
81541
81549
81553
81561
81565
81571
81585
81589
81597
81613
81621
81631
81639
81649
81661
81667
81673
81679
81691
81697
81703
81709
81715
81723
81729
81739
81747
81751
81763
81771
81775
81793
81799
81805
81813
81819
81823
81841
81847
81855
81871
81879
81883
81891
81901
81907
81919
81931
81939
81943
81955
81963
81969
81973
81991
81999
82005
82009
82015
82023
82029
82033
82039
82053
82057
82065
82069
82075
82081
82087
82099
82107
82111
82125
82131
82135
82141
82153
82159
82165
82171
82179
82185
82191
82195
82209
82219
82225
82233
82237
82243
82249
82255
82263
82269
82275
82281
82285
82293
82303
82309
82323
82335
82341
82345
82351
82359
82363
82375
82387
82393
82401
82407
82423
82437
82449
82453
82459
82465
82471
82485
82489
82495
82501
82509
82521
82531
82545
82551
82561
82569
82573
82579
82585
82593
82597
82603
82611
82615
82621
82629
82635
82639
82645
82653
82659
82675
82681
82689
82699
82713
82723
82729
82737
82753
82759
82765
82771
82783
82789
82795
82801
82807
82813
82821
82831
82839
82849
82855
82867
82873
82881
82885
82891
82905
82909
82915
82923
82933
82941
82953
82963
82969
82983
82993
82999
83005
83011
83017
83025
83037
83049
83053
83061
83065
83073
83079
83083
83091
83095
83103
83109
83115
83119
83131
83139
83143
83151
83157
83161
83179
83193
83205
83209
83221
83229
83233
83245
83259
83265
83269
83275
83283
83287
83301
83307
83311
83331
83335
83341
83347
83353
83359
83367
83373
83385
83391
83395
83401
83409
83415
83419
83425
83433
83439
83445
83451
83455
83461
83473
83479
83493
83497
83515
83521
83529
83539
83559
83563
83569
83581
83593
83599
83611
83619
83623
83641
83647
83655
83661
83665
83679
83685
83689
83695
83703
83707
83713
83719
83737
83749
83763
83775
83779
83793
83797
83803
83815
83821
83829
83833
83845
83851
83859
83871
83875
83881
83889
83893
83901
83905
83913
83923
83931
83935
83941
83959
83971
83983
83989
83997
84003
84013
84019
84031
84049
84055
84061
84069
84075
84081
84087
84091
84103
84117
84123
84129
84133
84139
84145
84159
84165
84169
84175
84181
84189
84193
84201
84213
84223
84231
84241
84249
84265
84273
84279
84285
84301
84309
84315
84319
84349
84355
84361
84369
84379
84391
84397
84403
84409
84417
84423
84433
84439
84445
84451
84459
84465
84469
84483
84493
84501
84505
84511
84519
84523
84531
84535
84543
84547
84553
84559
84573
84579
84585
84591
84595
84603
84607
84613
84631
84637
84643
84649
84655
84661
84673
84679
84687
84691
84699
84703
84711
84715
84721
84733
84739
84753
84759
84763
84783
84789
84795
84811
84817
84823
84829
84855
84859
84865
84871
84883
84889
84895
84903
84909
84915
84921
84925
84937
84945
84949
84955
84963
84967
84979
84985
84991
84999
85005
85011
85023
85029
85033
85039
85051
85057
85063
85069
85083
85089
85093
85105
85111
85119
85123
85135
85149
85153
85161
85167
85173
85195
85201
85215
85225
85231
85237
85245
85249
85261
85273
85281
85285
85299
85305
85309
85315
85323
85329
85333
85359
85363
85371
85375
85383
85387
85401
85411
85429
85435
85441
85449
85453
85459
85467
85471
85489
85497
85513
85519
85525
85533
85537
85543
85551
85561
85569
85573
85579
85587
85599
85603
85609
85617
85621
85629
85639
85645
85663
85669
85681
85687
85693
85705
85713
85719
85723
85735
85743
85753
85761
85783
85791
85795
85803
85809
85819
85831
85839
85845
85849
85855
85861
85869
85875
85879
85891
85897
85905
85911
85917
85929
85933
85947
85963
85975
85981
85989
85993
86001
86005
86013
86017
86029
86035
86041
86055
86059
86065
86071
86079
86083
86103
86113
86119
86125
86133
86139
86145
86149
86157
86163
86173
86181
86185
86191
86199
86203
86211
86229
86233
86239
86245
86251
86259
86265
86269
86287
86293
86299
86311
86323
86329
86343
86353
86359
86365
86371
86379
86383
86391
86401
86409
86415
86421
86425
86443
86455
86463
86469
86479
86485
86493
86497
86503
86511
86533
86539
86545
86553
86559
86563
86575
86581
86587
86601
86605
86629
86637
86643
86649
86665
86679
86685
86691
86695
86707
86713
86721
86731
86743
86749
86755
86763
86769
86773
86785
86791
86797
86811
86815
86821
86835
86839
86845
86853
86859
86863
86871
86887
86899
86911
86917
86923
86929
86937
86941
86953
86961
86967
86971
86979
86983
86989
86995
87009
87013
87021
87025
87039
87043
87051
87055
87069
87073
87085
87099
87105
87109
87121
87135
87139
87151
87157
87165
87169
87181
87189
87199
87207
87211
87223
87247
87253
87259
87265
87273
87279
87283
87289
87295
87301
87309
87315
87319
87325
87333
87337
87351
87357
87361
87381
87385
87393
87399
87405
87409
87417
87423
87429
87435
87441
87445
87451
87465
87469
87475
87483
87489
87493
87501
87511
87519
87525
87541
87547
87553
87559
87567
87571
87585
87589
87595
87603
87613
87619
87625
87631
87643
87651
87669
87673
87681
87685
87693
87697
87703
87715
87721
87729
87735
87741
87745
87753
87757
87769
87783
87795
87799
87805
87811
87819
87829
87835
87841
87849
87855
87867
87871
87879
87883
87889
87897
87909
87913
87919
87925
87933
87939
87945
87951
87961
87969
87975
87979
87987
87993
88003
88009
88017
88021
88039
88045
88053
88059
88065
88071
88081
88087
88095
88099
88107
88119
88131
88137
88141
88161
88165
88171
88179
88185
88189
88201
88213
88221
88225
88239
88243
88255
88261
88275
88287
88291
88303
88309
88323
88329
88339
88345
88353
88359
88369
88375
88381
88393
88399
88407
88411
88425
88429
88443
88455
88465
88471
88491
88495
88501
88515
88521
88525
88537
88543
88549
88567
88575
88579
88591
88605
88609
88641
88645
88651
88659
88663
88669
88681
88687
88695
88719
88723
88731
88735
88743
88749
88761
88765
88771
88785
88791
88795
88801
88807
88813
88819
88845
88851
88855
88861
88869
88875
88885
88893
88899
88905
88911
88917
88921
88929
88939
88947
88953
88959
88971
88983
88995
88999
89005
89011
89019
89023
89029
89037
89041
89053
89059
89071
89079
89085
89089
89095
89103
89109
89113
89121
89125
89137
89145
89149
89155
89163
89173
89179
89187
89191
89199
89205
89209
89215
89223
89229
89233
89239
89253
89257
89263
89271
89275
89289
89293
89305
89317
89323
89331
89335
89341
89347
89355
89365
89373
89383
89389
89395
89401
89407
89415
89419
89425
89431
89439
89445
89449
89457
89461
89475
89479
89493
89503
89515
89521
89529
89535
89547
89563
89569
89583
89589
89593
89599
89605
89613
89619
89629
89635
89643
89647
89653
89659
89667
89671
89683
89691
89697
89731
89745
89755
89761
89769
89773
89781
89785
89799
89803
89811
89821
89835
89839
89851
89857
89863
89869
89881
89887
89893
89899
89907
89911
89919
89925
89937
89941
89953
89961
89965
89971
89979
89983
89991
89997
90003
90009
90013
90019
90025
90031
90039
90045
90051
90055
90061
90067
90073
90091
90103
90109
90115
90123
90129
90135
90151
90159
90163
90171
90175
90189
90193
90199
90205
90219
90223
90229
90237
90241
90249
90255
90265
90273
90283
90291
90297
90301
90315
90319
90325
90331
90349
90355
90361
90369
90373
90381
90387
90399
90403
90409
90439
90445
90453
90471
90475
90483
90487
90493
90501
90513
90523
90529
90535
90541
90549
90555
90579
90583
90591
90597
90601
90609
90619
90633
90637
90643
90649
90657
90661
90669
90675
90679
90691
90699
90705
90711
90717
90723
90733
90747
90751
90759
90763
90783
90789
90793
90805
90819
90823
90835
90843
90849
90865
90873
90889
90901
90907
90913
90919
90931
90943
90949
90957
90961
90969
90973
90979
90985
90991
90997
91005
91011
91021
91029
91035
91053
91057
91063
91081
91087
91095
91099
91113
91117
91123
91129
91141
91147
91153
91159
91165
91185
91189
91195
91201
91215
91231
91239
91243
91251
91255
91263
91269
91279
91285
91293
91299
91305
91309
91315
91333
91339
91347
91351
91369
91375
91383
91389
91393
91399
91413
91419
91423
91435
91455
91459
91465
91479
91491
91495
91501
91507
91515
91521
91531
91537
91543
91551
91557
91573
91579
91585
91591
91599
91605
91609
91623
91629
91633
91641
91647
91651
91675
91683
91689
91693
91701
91705
91713
91719
91729
91735
91749
91755
91759
91767
91771
91783
91803
91809
91813
91825
91833
91837
91843
91851
91857
91861
91869
91875
91879
91885
91897
91911
91921
91935
91941
91945
91953
91959
91963
91969
91983
91987
91993
91999
92005
92011
92023
92035
92043
92049
92053
92061
92067
92079
92085
92089
92109
92113
92119
92137
92145
92149
92155
92161
92167
92175
92179
92191
92197
92203
92217
92221
92229
92235
92239
92245
92251
92257
92265
92271
92293
92299
92307
92313
92319
92329
92335
92343
92349
92355
92359
92365
92371
92379
92383
92389
92401
92415
92421
92425
92433
92439
92443
92455
92461
92467
92473
92481
92491
92499
92505
92509
92517
92529
92541
92545
92553
92559
92569
92583
92587
92593
92607
92611
92623
92629
92635
92641
92649
92655
92659
92671
92683
92691
92695
92701
92709
92719
92725
92733
92739
92749
92755
92763
92767
92775
92781
92791
92797
92803
92811
92821
92833
92841
92851
92859
92863
92869
92881
92889
92895
92901
92911
92917
92923
92929
92937
92943
92949
92953
92959
92967
92973
92985
92989
92995
93003
93009
93013
93021
93049
93055
93061
93079
93085
93091
93099
93103
93111
93115
93129
93133
93141
93153
93163
93171
93181
93189
93195
93201
93211
93229
93241
93253
93259
93265
93279
93283
93289
93295
93301
93307
93313
93321
93325
93331
93339
93345
93357
93363
93373
93379
93385
93391
93397
93409
93421
93429
93435
93439
93453
93457
93465
93475
93481
93489
93493
93499
93505
93513
93519
93523
93531
93555
93559
93565
93573
93583
93595
93601
93609
93621
93625
93631
93639
93643
93649
93657
93673
93681
93685
93703
93709
93717
93721
93733
93741
93747
93763
93775
93783
93787
93799
93811
93817
93825
93829
93841
93853
93861
93867
93873
93889
93895
93903
93909
93913
93925
93937
93943
93951
93961
93967
93973
93981
93985
93999
94009
94017
94023
94029
94035
94045
94051
94059
94065
94081
94093
94101
94111
94119
94123
94137
94143
94153
94171
94179
94183
94189
94195
94203
94209
94219
94225
94231
94249
94255
94263
94269
94275
94279
94293
94297
94305
94309
94315
94321
94329
94333
94345
94351
94363
94381
94399
94405
94419
94423
94429
94435
94441
94449
94455
94461
94465
94471
94479
94485
94497
94501
94515
94519
94531
94543
94549
94555
94561
94569
94575
94585
94599
94605
94611
94615
94623
94633
94639
94651
94669
94675
94687
94693
94701
94711
94725
94729
94737
94741
94749
94771
94779
94783
94791
94795
94801
94809
94813
94821
94825
94833
94839
94843
94849
94861
94867
94875
94879
94891
94897
94905
94909
94923
94935
94951
94959
94963
94995
95001
95005
95011
95023
95029
95043
95047
95061
95065
95073
95085
95089
95095
95103
95109
95113
95119
95131
95145
95155
95169
95179
95187
95191
95199
95205
95215
95221
95233
95239
95257
95263
95269
95275
95281
95289
95295
95301
95311
95319
95329
95341
95347
95353
95361
95367
95371
95379
95385
95395
95403
95415
95421
95425
95431
95437
95443
95449
95455
95463
95469
95473
95479
95485
95493
95509
95521
95529
95533
95541
95551
95563
95571
95581
95593
95599
95605
95611
95619
95623
95631
95635
95649
95653
95661
95673
95683
95691
95697
95703
95709
95715
95719
95725
95733
95739
95749
95767
95775
95779
95785
95791
95803
95815
95821
95829
95835
95841
95845
95859
95863
95869
95875
95883
95893
95901
95905
95913
95919
95925
95931
95949
95959
95973
95985
95989
95995
96003
96013
96019
96025
96037
96043
96055
96061
96069
96073
96079
96099
96115
96121
96129
96135
96139
96145
96151
96157
96165
96169
96181
96187
96201
96213
96219
96223
96229
96235
96243
96247
96253
96261
96265
96271
96283
96291
96295
96325
96331
96337
96355
96361
96367
96373
96379
96387
96393
96403
96415
96421
96429
96433
96445
96453
96459
96463
96471
96481
96489
96493
96499
96507
96519
96523
96529
96535
96543
96547
96555
96559
96573
96583
96589
96597
96603
96613
96619
96625
96633
96639
96645
96649
96661
96667
96673
96699
96705
96711
96723
96729
96733
96739
96745
96751
96759
96765
96771
96781
96789
96799
96823
96829
96835
96841
96849
96853
96859
96867
96871
96879
96895
96909
96913
96919
96933
96949
96955
96961
96975
96979
96985
96991
96999
97003
97009
97017
97023
97041
97045
97051
97059
97065
97075
97083
97087
97093
97101
97105
97119
97129
97135
97143
97153
97159
97167
97171
97179
97189
97195
97207
97213
97219
97233
97243
97261
97269
97273
97285
97293
97299
97303
97317
97321
97329
97335
97341
97347
97369
97375
97381
97387
97399
97405
97413
97417
97423
97431
97443
97447
97455
97459
97465
97473
97479
97485
97501
97507
97513
97521
97525
97531
97537
97545
97549
97555
97563
97573
97579
97585
97599
97609
97615
97623
97629
97635
97639
97651
97665
97669
97675
97689
97707
97713
97725
97731
97735
97755
97761
97767
97773
97779
97783
97789
97797
97809
97815
97821
97825
97831
97839
97843
97849
97857
97861
97873
97881
97885
97891
97899
97915
97921
97929
97933
97941
97945
97951
97959
97963
97969
97975
97987
98011
98017
98025
98031
98043
98047
98053
98059
98073
98083
98091
98101
98115
98119
98125
98131
98145
98155
98169
98173
98181
98193
98199
98209
98215
98223
98229
98235
98245
98253
98259
98263
98271
98283
98299
98305
98311
98319
98323
98329
98335
98349
98353
98361
98371
98379
98383
98389
98407
98413
98421
98431
98437
98445
98449
98455
98461
98469
98475
98481
98487
98493
98505
98509
98521
98533
98539
98545
98559
98563
98575
98589
98595
98599
98619
98623
98629
98635
98641
98649
98655
98661
98665
98671
98679
98691
98697
98703
98713
98719
98725
98731
98739
98757
98775
98781
98791
98797
98803
98809
98817
98823
98833
98839
98845
98851
98869
98875
98887
98895
98899
98911
98929
98941
98949
98955
98959
98965
98979
98983
98991
98995
99001
99007
99015
99019
99025
99033
99043
99051
99055
99061
99081
99085
99091
99097
99103
99111
99121
99133
99139
99147
99151
99165
99169
99175
99183
99189
99193
99207
99219
99225
99229
99235
99243
99253
99259
99265
99273
99279
99285
99291
99307
99319
99333
99337
99345
99349
99369
99373
99379
99385
99393
99399
99403
99411
99421
99433
99441
99445
99453
99463
99471
99483
99489
99499
99513
99523
99529
99541
99553
99559
99565
99573
99579
99583
99597
99601
99609
99613
99625
99631
99637
99643
99651
99655
99663
99669
99679
99685
99691
99705
99709
99715
99721
99735
99739
99747
99753
99763
99769
99789
99795
99807
99811
99819
99823
99831
99835
99841
99861
99865
99873
99879
99883
99889
99897
99903
99909
99919
99925
99931
99945
99949
99957
99963
99973
99987
99991
